0.3333333333333333 0.3333333333333333 160 160
0.3333333333333333 0.6666666666666666 160 160
0.3333333333333333 1.0 110 160
0.3333333333333333 1.3333333333333333 160 60
0.3333333333333333 1.6666666666666667 160 25
0.3333333333333333 2.0 160 25
0.3333333333333333 2.3333333333333335 155 20
0.3333333333333333 2.6666666666666665 160 20
0.3333333333333333 3.0 155 20
0.3333333333333333 3.3333333333333335 150 20
0.3333333333333333 3.6666666666666665 145 20
0.3333333333333333 4.0 150 20
0.3333333333333333 4.333333333333333 160 20
0.3333333333333333 4.666666666666667 150 20
0.3333333333333333 5.0 160 20
0.3333333333333333 5.333333333333333 150 20
0.3333333333333333 5.666666666666667 150 20
0.3333333333333333 6.0 150 20
0.3333333333333333 6.333333333333333 145 20
0.3333333333333333 6.666666666666667 150 20
0.3333333333333333 7.0 145 20
0.3333333333333333 7.333333333333333 150 20
0.3333333333333333 7.666666666666667 145 20
0.3333333333333333 8.0 150 20
0.3333333333333333 8.333333333333334 145 20
0.3333333333333333 8.666666666666666 150 20
0.3333333333333333 9.0 145 20
0.3333333333333333 9.333333333333334 145 20
0.3333333333333333 9.666666666666666 160 20
0.3333333333333333 10.0 160 20
0.6666666666666666 0.3333333333333333 160 160
0.6666666666666666 0.6666666666666666 160 160
0.6666666666666666 1.0 160 160
0.6666666666666666 1.3333333333333333 140 85
0.6666666666666666 1.6666666666666667 155 20
0.6666666666666666 2.0 135 30
0.6666666666666666 2.3333333333333335 160 20
0.6666666666666666 2.6666666666666665 150 25
0.6666666666666666 3.0 160 20
0.6666666666666666 3.3333333333333335 160 20
0.6666666666666666 3.6666666666666665 150 20
0.6666666666666666 4.0 160 20
0.6666666666666666 4.333333333333333 145 20
0.6666666666666666 4.666666666666667 155 25
0.6666666666666666 5.0 160 20
0.6666666666666666 5.333333333333333 145 20
0.6666666666666666 5.666666666666667 150 20
0.6666666666666666 6.0 145 20
0.6666666666666666 6.333333333333333 155 20
0.6666666666666666 6.666666666666667 150 20
0.6666666666666666 7.0 145 20
0.6666666666666666 7.333333333333333 150 20
0.6666666666666666 7.666666666666667 150 20
0.6666666666666666 8.0 160 20
0.6666666666666666 8.333333333333334 160 20
0.6666666666666666 8.666666666666666 145 20
0.6666666666666666 9.0 150 20
0.6666666666666666 9.333333333333334 150 20
0.6666666666666666 9.666666666666666 150 20
0.6666666666666666 10.0 145 20
1.0 0.3333333333333333 160 160
1.0 0.6666666666666666 120 155
1.0 1.0 125 155
1.0 1.3333333333333333 160 55
1.0 1.6666666666666667 155 80
1.0 2.0 160 20
1.0 2.3333333333333335 155 30
1.0 2.6666666666666665 155 25
1.0 3.0 145 20
1.0 3.3333333333333335 145 25
1.0 3.6666666666666665 160 30
1.0 4.0 155 20
1.0 4.333333333333333 140 25
1.0 4.666666666666667 145 20
1.0 5.0 160 20
1.0 5.333333333333333 145 20
1.0 5.666666666666667 160 20
1.0 6.0 155 20
1.0 6.333333333333333 160 20
1.0 6.666666666666667 145 20
1.0 7.0 155 25
1.0 7.333333333333333 155 20
1.0 7.666666666666667 160 20
1.0 8.0 140 20
1.0 8.333333333333334 150 20
1.0 8.666666666666666 140 25
1.0 9.0 160 20
1.0 9.333333333333334 145 20
1.0 9.666666666666666 160 20
1.0 10.0 160 20
1.3333333333333333 0.3333333333333333 135 140
1.3333333333333333 0.6666666666666666 70 160
1.3333333333333333 1.0 125 155
1.3333333333333333 1.3333333333333333 55 115
1.3333333333333333 1.6666666666666667 85 60
1.3333333333333333 2.0 105 55
1.3333333333333333 2.3333333333333335 105 75
1.3333333333333333 2.6666666666666665 90 50
1.3333333333333333 3.0 115 40
1.3333333333333333 3.3333333333333335 150 45
1.3333333333333333 3.6666666666666665 100 30
1.3333333333333333 4.0 130 40
1.3333333333333333 4.333333333333333 135 40
1.3333333333333333 4.666666666666667 110 30
1.3333333333333333 5.0 115 30
1.3333333333333333 5.333333333333333 140 35
1.3333333333333333 5.666666666666667 130 35
1.3333333333333333 6.0 130 30
1.3333333333333333 6.333333333333333 105 20
1.3333333333333333 6.666666666666667 140 30
1.3333333333333333 7.0 120 25
1.3333333333333333 7.333333333333333 80 20
1.3333333333333333 7.666666666666667 135 30
1.3333333333333333 8.0 145 25
1.3333333333333333 8.333333333333334 140 25
1.3333333333333333 8.666666666666666 120 20
1.3333333333333333 9.0 160 20
1.3333333333333333 9.333333333333334 155 30
1.3333333333333333 9.666666666666666 125 25
1.3333333333333333 10.0 140 30
1.6666666666666667 0.3333333333333333 60 160
1.6666666666666667 0.6666666666666666 20 145
1.6666666666666667 1.0 60 155
1.6666666666666667 1.3333333333333333 80 135
1.6666666666666667 1.6666666666666667 65 100
1.6666666666666667 2.0 95 65
1.6666666666666667 2.3333333333333335 70 50
1.6666666666666667 2.6666666666666665 105 70
1.6666666666666667 3.0 80 45
1.6666666666666667 3.3333333333333335 115 55
1.6666666666666667 3.6666666666666665 65 30
1.6666666666666667 4.0 55 25
1.6666666666666667 4.333333333333333 45 20
1.6666666666666667 4.666666666666667 130 40
1.6666666666666667 5.0 155 50
1.6666666666666667 5.333333333333333 145 35
1.6666666666666667 5.666666666666667 120 35
1.6666666666666667 6.0 70 20
1.6666666666666667 6.333333333333333 80 25
1.6666666666666667 6.666666666666667 140 40
1.6666666666666667 7.0 65 20
1.6666666666666667 7.333333333333333 65 30
1.6666666666666667 7.666666666666667 160 45
1.6666666666666667 8.0 120 50
1.6666666666666667 8.333333333333334 70 20
1.6666666666666667 8.666666666666666 100 20
1.6666666666666667 9.0 155 25
1.6666666666666667 9.333333333333334 145 35
1.6666666666666667 9.666666666666666 65 20
1.6666666666666667 10.0 90 25
2.0 0.3333333333333333 20 150
2.0 0.6666666666666666 30 160
2.0 1.0 20 160
2.0 1.3333333333333333 45 130
2.0 1.6666666666666667 50 65
2.0 2.0 65 75
2.0 2.3333333333333335 45 40
2.0 2.6666666666666665 75 55
2.0 3.0 70 45
2.0 3.3333333333333335 90 50
2.0 3.6666666666666665 70 35
2.0 4.0 65 45
2.0 4.333333333333333 50 25
2.0 4.666666666666667 45 20
2.0 5.0 60 25
2.0 5.333333333333333 45 20
2.0 5.666666666666667 40 20
2.0 6.0 115 75
2.0 6.333333333333333 110 50
2.0 6.666666666666667 75 25
2.0 7.0 65 25
2.0 7.333333333333333 135 40
2.0 7.666666666666667 90 45
2.0 8.0 65 20
2.0 8.333333333333334 65 25
2.0 8.666666666666666 70 25
2.0 9.0 90 20
2.0 9.333333333333334 60 35
2.0 9.666666666666666 155 90
2.0 10.0 140 30
2.3333333333333335 0.3333333333333333 20 155
2.3333333333333335 0.6666666666666666 25 140
2.3333333333333335 1.0 20 150
2.3333333333333335 1.3333333333333333 60 155
2.3333333333333335 1.6666666666666667 45 75
2.3333333333333335 2.0 80 80
2.3333333333333335 2.3333333333333335 60 55
2.3333333333333335 2.6666666666666665 90 80
2.3333333333333335 3.0 25 20
2.3333333333333335 3.3333333333333335 65 45
2.3333333333333335 3.6666666666666665 35 30
2.3333333333333335 4.0 35 25
2.3333333333333335 4.333333333333333 140 90
2.3333333333333335 4.666666666666667 100 40
2.3333333333333335 5.0 35 20
2.3333333333333335 5.333333333333333 40 25
2.3333333333333335 5.666666666666667 160 55
2.3333333333333335 6.0 95 30
2.3333333333333335 6.333333333333333 85 70
2.3333333333333335 6.666666666666667 105 30
2.3333333333333335 7.0 40 20
2.3333333333333335 7.333333333333333 60 25
2.3333333333333335 7.666666666666667 110 30
2.3333333333333335 8.0 100 20
2.3333333333333335 8.333333333333334 55 30
2.3333333333333335 8.666666666666666 75 35
2.3333333333333335 9.0 45 30
2.3333333333333335 9.333333333333334 160 65
2.3333333333333335 9.666666666666666 160 70
2.3333333333333335 10.0 85 30
2.6666666666666665 0.3333333333333333 20 160
2.6666666666666665 0.6666666666666666 20 145
2.6666666666666665 1.0 20 145
2.6666666666666665 1.3333333333333333 35 100
2.6666666666666665 1.6666666666666667 70 110
2.6666666666666665 2.0 75 90
2.6666666666666665 2.3333333333333335 40 50
2.6666666666666665 2.6666666666666665 40 35
2.6666666666666665 3.0 45 35
2.6666666666666665 3.3333333333333335 40 25
2.6666666666666665 3.6666666666666665 50 40
2.6666666666666665 4.0 50 25
2.6666666666666665 4.333333333333333 105 45
2.6666666666666665 4.666666666666667 55 40
2.6666666666666665 5.0 130 65
2.6666666666666665 5.333333333333333 60 45
2.6666666666666665 5.666666666666667 110 45
2.6666666666666665 6.0 105 65
2.6666666666666665 6.333333333333333 60 45
2.6666666666666665 6.666666666666667 130 55
2.6666666666666665 7.0 85 25
2.6666666666666665 7.333333333333333 135 90
2.6666666666666665 7.666666666666667 60 25
2.6666666666666665 8.0 40 30
2.6666666666666665 8.333333333333334 75 40
2.6666666666666665 8.666666666666666 30 25
2.6666666666666665 9.0 135 50
2.6666666666666665 9.333333333333334 85 55
2.6666666666666665 9.666666666666666 75 35
2.6666666666666665 10.0 55 40
3.0 0.3333333333333333 20 155
3.0 0.6666666666666666 20 160
3.0 1.0 20 155
3.0 1.3333333333333333 45 115
3.0 1.6666666666666667 50 90
3.0 2.0 45 65
3.0 2.3333333333333335 90 135
3.0 2.6666666666666665 35 50
3.0 3.0 75 70
3.0 3.3333333333333335 65 85
3.0 3.6666666666666665 55 75
3.0 4.0 130 110
3.0 4.333333333333333 100 95
3.0 4.666666666666667 55 35
3.0 5.0 65 25
3.0 5.333333333333333 115 65
3.0 5.666666666666667 60 25
3.0 6.0 75 25
3.0 6.333333333333333 110 45
3.0 6.666666666666667 50 45
3.0 7.0 90 35
3.0 7.333333333333333 60 20
3.0 7.666666666666667 115 50
3.0 8.0 35 20
3.0 8.333333333333334 130 65
3.0 8.666666666666666 100 40
3.0 9.0 120 25
3.0 9.333333333333334 40 25
3.0 9.666666666666666 55 55
3.0 10.0 105 40
3.3333333333333335 0.3333333333333333 20 160
3.3333333333333335 0.6666666666666666 20 160
3.3333333333333335 1.0 20 160
3.3333333333333335 1.3333333333333333 35 150
3.3333333333333335 1.6666666666666667 50 90
3.3333333333333335 2.0 55 80
3.3333333333333335 2.3333333333333335 60 70
3.3333333333333335 2.6666666666666665 30 35
3.3333333333333335 3.0 30 25
3.3333333333333335 3.3333333333333335 60 55
3.3333333333333335 3.6666666666666665 35 25
3.3333333333333335 4.0 70 65
3.3333333333333335 4.333333333333333 45 40
3.3333333333333335 4.666666666666667 35 55
3.3333333333333335 5.0 105 45
3.3333333333333335 5.333333333333333 75 45
3.3333333333333335 5.666666666666667 160 40
3.3333333333333335 6.0 35 30
3.3333333333333335 6.333333333333333 65 40
3.3333333333333335 6.666666666666667 110 35
3.3333333333333335 7.0 25 20
3.3333333333333335 7.333333333333333 35 30
3.3333333333333335 7.666666666666667 50 40
3.3333333333333335 8.0 110 95
3.3333333333333335 8.333333333333334 145 55
3.3333333333333335 8.666666666666666 120 25
3.3333333333333335 9.0 85 45
3.3333333333333335 9.333333333333334 95 40
3.3333333333333335 9.666666666666666 90 35
3.3333333333333335 10.0 80 70
3.6666666666666665 0.3333333333333333 20 145
3.6666666666666665 0.6666666666666666 20 150
3.6666666666666665 1.0 25 155
3.6666666666666665 1.3333333333333333 40 135
3.6666666666666665 1.6666666666666667 35 75
3.6666666666666665 2.0 35 65
3.6666666666666665 2.3333333333333335 45 60
3.6666666666666665 2.6666666666666665 35 55
3.6666666666666665 3.0 35 30
3.6666666666666665 3.3333333333333335 65 125
3.6666666666666665 3.6666666666666665 50 85
3.6666666666666665 4.0 60 75
3.6666666666666665 4.333333333333333 40 45
3.6666666666666665 4.666666666666667 115 120
3.6666666666666665 5.0 20 35
3.6666666666666665 5.333333333333333 40 30
3.6666666666666665 5.666666666666667 25 25
3.6666666666666665 6.0 45 30
3.6666666666666665 6.333333333333333 30 25
3.6666666666666665 6.666666666666667 85 50
3.6666666666666665 7.0 55 40
3.6666666666666665 7.333333333333333 90 45
3.6666666666666665 7.666666666666667 65 55
3.6666666666666665 8.0 50 45
3.6666666666666665 8.333333333333334 80 35
3.6666666666666665 8.666666666666666 130 75
3.6666666666666665 9.0 105 40
3.6666666666666665 9.333333333333334 75 50
3.6666666666666665 9.666666666666666 100 70
3.6666666666666665 10.0 30 40
4.0 0.3333333333333333 20 145
4.0 0.6666666666666666 20 155
4.0 1.0 20 155
4.0 1.3333333333333333 30 115
4.0 1.6666666666666667 60 135
4.0 2.0 45 65
4.0 2.3333333333333335 25 30
4.0 2.6666666666666665 25 40
4.0 3.0 20 35
4.0 3.3333333333333335 45 85
4.0 3.6666666666666665 70 55
4.0 4.0 60 40
4.0 4.333333333333333 35 35
4.0 4.666666666666667 80 75
4.0 5.0 95 60
4.0 5.333333333333333 35 30
4.0 5.666666666666667 50 100
4.0 6.0 140 45
4.0 6.333333333333333 50 35
4.0 6.666666666666667 40 30
4.0 7.0 130 160
4.0 7.333333333333333 55 80
4.0 7.666666666666667 40 25
4.0 8.0 40 20
4.0 8.333333333333334 40 25
4.0 8.666666666666666 100 25
4.0 9.0 45 55
4.0 9.333333333333334 115 25
4.0 9.666666666666666 115 55
4.0 10.0 70 125
4.333333333333333 0.3333333333333333 25 145
4.333333333333333 0.6666666666666666 20 150
4.333333333333333 1.0 20 155
4.333333333333333 1.3333333333333333 30 105
4.333333333333333 1.6666666666666667 45 130
4.333333333333333 2.0 25 45
4.333333333333333 2.3333333333333335 25 50
4.333333333333333 2.6666666666666665 40 65
4.333333333333333 3.0 45 45
4.333333333333333 3.3333333333333335 40 55
4.333333333333333 3.6666666666666665 70 80
4.333333333333333 4.0 65 120
4.333333333333333 4.333333333333333 50 30
4.333333333333333 4.666666666666667 65 35
4.333333333333333 5.0 100 85
4.333333333333333 5.333333333333333 110 90
4.333333333333333 5.666666666666667 35 20
4.333333333333333 6.0 95 75
4.333333333333333 6.333333333333333 85 90
4.333333333333333 6.666666666666667 55 40
4.333333333333333 7.0 145 55
4.333333333333333 7.333333333333333 60 60
4.333333333333333 7.666666666666667 120 80
4.333333333333333 8.0 100 40
4.333333333333333 8.333333333333334 155 80
4.333333333333333 8.666666666666666 45 80
4.333333333333333 9.0 25 25
4.333333333333333 9.333333333333334 120 30
4.333333333333333 9.666666666666666 55 90
4.333333333333333 10.0 115 90
4.666666666666667 0.3333333333333333 20 145
4.666666666666667 0.6666666666666666 20 145
4.666666666666667 1.0 20 145
4.666666666666667 1.3333333333333333 30 115
4.666666666666667 1.6666666666666667 50 125
4.666666666666667 2.0 65 135
4.666666666666667 2.3333333333333335 40 55
4.666666666666667 2.6666666666666665 40 95
4.666666666666667 3.0 25 45
4.666666666666667 3.3333333333333335 45 110
4.666666666666667 3.6666666666666665 100 75
4.666666666666667 4.0 60 25
4.666666666666667 4.333333333333333 70 30
4.666666666666667 4.666666666666667 60 30
4.666666666666667 5.0 60 95
4.666666666666667 5.333333333333333 120 55
4.666666666666667 5.666666666666667 30 35
4.666666666666667 6.0 90 30
4.666666666666667 6.333333333333333 55 45
4.666666666666667 6.666666666666667 100 100
4.666666666666667 7.0 70 35
4.666666666666667 7.333333333333333 145 55
4.666666666666667 7.666666666666667 60 90
4.666666666666667 8.0 60 40
4.666666666666667 8.333333333333334 50 85
4.666666666666667 8.666666666666666 160 130
4.666666666666667 9.0 40 20
4.666666666666667 9.333333333333334 50 80
4.666666666666667 9.666666666666666 95 50
4.666666666666667 10.0 65 85
5.0 0.3333333333333333 20 150
5.0 0.6666666666666666 20 160
5.0 1.0 20 150
5.0 1.3333333333333333 40 130
5.0 1.6666666666666667 25 80
5.0 2.0 35 75
5.0 2.3333333333333335 45 110
5.0 2.6666666666666665 30 85
5.0 3.0 25 85
5.0 3.3333333333333335 65 115
5.0 3.6666666666666665 45 50
5.0 4.0 50 35
5.0 4.333333333333333 30 70
5.0 4.666666666666667 55 25
5.0 5.0 105 95
5.0 5.333333333333333 60 60
5.0 5.666666666666667 45 20
5.0 6.0 25 25
5.0 6.333333333333333 75 25
5.0 6.666666666666667 55 135
5.0 7.0 50 40
5.0 7.333333333333333 150 45
5.0 7.666666666666667 20 25
5.0 8.0 75 50
5.0 8.333333333333334 90 30
5.0 8.666666666666666 110 70
5.0 9.0 45 40
5.0 9.333333333333334 85 95
5.0 9.666666666666666 60 135
5.0 10.0 150 55
5.333333333333333 0.3333333333333333 20 145
5.333333333333333 0.6666666666666666 20 150
5.333333333333333 1.0 25 145
5.333333333333333 1.3333333333333333 35 105
5.333333333333333 1.6666666666666667 55 140
5.333333333333333 2.0 45 80
5.333333333333333 2.3333333333333335 30 85
5.333333333333333 2.6666666666666665 50 85
5.333333333333333 3.0 45 70
5.333333333333333 3.3333333333333335 30 45
5.333333333333333 3.6666666666666665 50 75
5.333333333333333 4.0 20 45
5.333333333333333 4.333333333333333 25 80
5.333333333333333 4.666666666666667 60 40
5.333333333333333 5.0 135 70
5.333333333333333 5.333333333333333 20 25
5.333333333333333 5.666666666666667 65 25
5.333333333333333 6.0 50 60
5.333333333333333 6.333333333333333 40 110
5.333333333333333 6.666666666666667 115 135
5.333333333333333 7.0 20 30
5.333333333333333 7.333333333333333 35 40
5.333333333333333 7.666666666666667 55 50
5.333333333333333 8.0 115 55
5.333333333333333 8.333333333333334 45 40
5.333333333333333 8.666666666666666 50 25
5.333333333333333 9.0 140 65
5.333333333333333 9.333333333333334 95 105
5.333333333333333 9.666666666666666 90 60
5.333333333333333 10.0 50 55
5.666666666666667 0.3333333333333333 20 155
5.666666666666667 0.6666666666666666 20 150
5.666666666666667 1.0 20 150
5.666666666666667 1.3333333333333333 30 140
5.666666666666667 1.6666666666666667 25 80
5.666666666666667 2.0 35 95
5.666666666666667 2.3333333333333335 80 115
5.666666666666667 2.6666666666666665 65 85
5.666666666666667 3.0 60 105
5.666666666666667 3.3333333333333335 35 45
5.666666666666667 3.6666666666666665 70 65
5.666666666666667 4.0 50 30
5.666666666666667 4.333333333333333 100 45
5.666666666666667 4.666666666666667 70 40
5.666666666666667 5.0 135 145
5.666666666666667 5.333333333333333 75 65
5.666666666666667 5.666666666666667 50 30
5.666666666666667 6.0 120 120
5.666666666666667 6.333333333333333 25 70
5.666666666666667 6.666666666666667 50 150
5.666666666666667 7.0 55 50
5.666666666666667 7.333333333333333 95 105
5.666666666666667 7.666666666666667 85 70
5.666666666666667 8.0 30 45
5.666666666666667 8.333333333333334 35 70
5.666666666666667 8.666666666666666 65 35
5.666666666666667 9.0 50 50
5.666666666666667 9.333333333333334 30 35
5.666666666666667 9.666666666666666 30 20
5.666666666666667 10.0 90 35
6.0 0.3333333333333333 20 160
6.0 0.6666666666666666 25 155
6.0 1.0 20 150
6.0 1.3333333333333333 20 85
6.0 1.6666666666666667 35 120
6.0 2.0 25 70
6.0 2.3333333333333335 40 55
6.0 2.6666666666666665 60 110
6.0 3.0 20 55
6.0 3.3333333333333335 40 55
6.0 3.6666666666666665 25 40
6.0 4.0 105 145
6.0 4.333333333333333 65 60
6.0 4.666666666666667 50 25
6.0 5.0 75 95
6.0 5.333333333333333 40 90
6.0 5.666666666666667 40 100
6.0 6.0 20 20
6.0 6.333333333333333 30 50
6.0 6.666666666666667 35 50
6.0 7.0 140 100
6.0 7.333333333333333 90 80
6.0 7.666666666666667 35 60
6.0 8.0 35 110
6.0 8.333333333333334 20 30
6.0 8.666666666666666 55 65
6.0 9.0 110 40
6.0 9.333333333333334 90 30
6.0 9.666666666666666 155 50
6.0 10.0 160 35
6.333333333333333 0.3333333333333333 20 155
6.333333333333333 0.6666666666666666 20 150
6.333333333333333 1.0 20 155
6.333333333333333 1.3333333333333333 35 160
6.333333333333333 1.6666666666666667 35 110
6.333333333333333 2.0 25 100
6.333333333333333 2.3333333333333335 25 85
6.333333333333333 2.6666666666666665 30 35
6.333333333333333 3.0 35 60
6.333333333333333 3.3333333333333335 60 120
6.333333333333333 3.6666666666666665 20 70
6.333333333333333 4.0 65 140
6.333333333333333 4.333333333333333 35 30
6.333333333333333 4.666666666666667 140 155
6.333333333333333 5.0 55 130
6.333333333333333 5.333333333333333 160 135
6.333333333333333 5.666666666666667 145 80
6.333333333333333 6.0 90 30
6.333333333333333 6.333333333333333 45 45
6.333333333333333 6.666666666666667 30 90
6.333333333333333 7.0 85 105
6.333333333333333 7.333333333333333 140 45
6.333333333333333 7.666666666666667 60 80
6.333333333333333 8.0 30 20
6.333333333333333 8.333333333333334 35 20
6.333333333333333 8.666666666666666 25 40
6.333333333333333 9.0 95 140
6.333333333333333 9.333333333333334 80 20
6.333333333333333 9.666666666666666 30 55
6.333333333333333 10.0 55 55
6.666666666666667 0.3333333333333333 20 160
6.666666666666667 0.6666666666666666 20 150
6.666666666666667 1.0 20 160
6.666666666666667 1.3333333333333333 25 130
6.666666666666667 1.6666666666666667 25 105
6.666666666666667 2.0 20 75
6.666666666666667 2.3333333333333335 35 110
6.666666666666667 2.6666666666666665 40 105
6.666666666666667 3.0 45 145
6.666666666666667 3.3333333333333335 50 100
6.666666666666667 3.6666666666666665 65 140
6.666666666666667 4.0 70 120
6.666666666666667 4.333333333333333 55 50
6.666666666666667 4.666666666666667 95 60
6.666666666666667 5.0 65 35
6.666666666666667 5.333333333333333 35 105
6.666666666666667 5.666666666666667 50 20
6.666666666666667 6.0 80 120
6.666666666666667 6.333333333333333 65 25
6.666666666666667 6.666666666666667 50 60
6.666666666666667 7.0 125 80
6.666666666666667 7.333333333333333 40 35
6.666666666666667 7.666666666666667 125 70
6.666666666666667 8.0 65 70
6.666666666666667 8.333333333333334 70 45
6.666666666666667 8.666666666666666 90 115
6.666666666666667 9.0 70 100
6.666666666666667 9.333333333333334 40 70
6.666666666666667 9.666666666666666 110 120
6.666666666666667 10.0 65 80
7.0 0.3333333333333333 20 150
7.0 0.6666666666666666 20 155
7.0 1.0 20 155
7.0 1.3333333333333333 35 145
7.0 1.6666666666666667 25 80
7.0 2.0 35 160
7.0 2.3333333333333335 40 125
7.0 2.6666666666666665 25 50
7.0 3.0 30 70
7.0 3.3333333333333335 30 150
7.0 3.6666666666666665 120 80
7.0 4.0 25 20
7.0 4.333333333333333 35 35
7.0 4.666666666666667 100 85
7.0 5.0 40 25
7.0 5.333333333333333 135 160
7.0 5.666666666666667 55 105
7.0 6.0 35 55
7.0 6.333333333333333 70 45
7.0 6.666666666666667 40 55
7.0 7.0 75 25
7.0 7.333333333333333 85 55
7.0 7.666666666666667 45 150
7.0 8.0 125 30
7.0 8.333333333333334 55 60
7.0 8.666666666666666 125 70
7.0 9.0 25 25
7.0 9.333333333333334 70 35
7.0 9.666666666666666 75 65
7.0 10.0 50 105
7.333333333333333 0.3333333333333333 20 150
7.333333333333333 0.6666666666666666 20 160
7.333333333333333 1.0 20 160
7.333333333333333 1.3333333333333333 30 140
7.333333333333333 1.6666666666666667 35 140
7.333333333333333 2.0 25 95
7.333333333333333 2.3333333333333335 85 145
7.333333333333333 2.6666666666666665 25 40
7.333333333333333 3.0 25 50
7.333333333333333 3.3333333333333335 90 160
7.333333333333333 3.6666666666666665 55 30
7.333333333333333 4.0 35 160
7.333333333333333 4.333333333333333 70 50
7.333333333333333 4.666666666666667 50 55
7.333333333333333 5.0 85 70
7.333333333333333 5.333333333333333 25 45
7.333333333333333 5.666666666666667 25 100
7.333333333333333 6.0 85 30
7.333333333333333 6.333333333333333 100 45
7.333333333333333 6.666666666666667 75 125
7.333333333333333 7.0 65 40
7.333333333333333 7.333333333333333 65 75
7.333333333333333 7.666666666666667 80 85
7.333333333333333 8.0 65 90
7.333333333333333 8.333333333333334 50 60
7.333333333333333 8.666666666666666 25 25
7.333333333333333 9.0 50 35
7.333333333333333 9.333333333333334 75 130
7.333333333333333 9.666666666666666 110 85
7.333333333333333 10.0 20 20
7.666666666666667 0.3333333333333333 20 150
7.666666666666667 0.6666666666666666 20 160
7.666666666666667 1.0 20 150
7.666666666666667 1.3333333333333333 20 80
7.666666666666667 1.6666666666666667 35 120
7.666666666666667 2.0 35 100
7.666666666666667 2.3333333333333335 25 70
7.666666666666667 2.6666666666666665 55 85
7.666666666666667 3.0 25 60
7.666666666666667 3.3333333333333335 75 45
7.666666666666667 3.6666666666666665 20 60
7.666666666666667 4.0 25 20
7.666666666666667 4.333333333333333 85 65
7.666666666666667 4.666666666666667 100 55
7.666666666666667 5.0 75 30
7.666666666666667 5.333333333333333 75 75
7.666666666666667 5.666666666666667 65 55
7.666666666666667 6.0 100 130
7.666666666666667 6.333333333333333 110 90
7.666666666666667 6.666666666666667 160 125
7.666666666666667 7.0 25 80
7.666666666666667 7.333333333333333 40 40
7.666666666666667 7.666666666666667 85 120
7.666666666666667 8.0 55 135
7.666666666666667 8.333333333333334 100 100
7.666666666666667 8.666666666666666 150 85
7.666666666666667 9.0 70 20
7.666666666666667 9.333333333333334 55 75
7.666666666666667 9.666666666666666 135 70
7.666666666666667 10.0 60 35
8.0 0.3333333333333333 20 145
8.0 0.6666666666666666 20 145
8.0 1.0 20 155
8.0 1.3333333333333333 30 155
8.0 1.6666666666666667 50 140
8.0 2.0 35 125
8.0 2.3333333333333335 30 125
8.0 2.6666666666666665 35 95
8.0 3.0 35 85
8.0 3.3333333333333335 25 50
8.0 3.6666666666666665 35 60
8.0 4.0 35 20
8.0 4.333333333333333 25 45
8.0 4.666666666666667 45 25
8.0 5.0 35 65
8.0 5.333333333333333 135 160
8.0 5.666666666666667 145 45
8.0 6.0 125 80
8.0 6.333333333333333 20 65
8.0 6.666666666666667 100 100
8.0 7.0 110 130
8.0 7.333333333333333 80 40
8.0 7.666666666666667 20 30
8.0 8.0 75 25
8.0 8.333333333333334 85 80
8.0 8.666666666666666 75 25
8.0 9.0 115 40
8.0 9.333333333333334 20 45
8.0 9.666666666666666 20 30
8.0 10.0 105 95
8.333333333333334 0.3333333333333333 20 155
8.333333333333334 0.6666666666666666 20 150
8.333333333333334 1.0 20 155
8.333333333333334 1.3333333333333333 25 150
8.333333333333334 1.6666666666666667 45 140
8.333333333333334 2.0 30 155
8.333333333333334 2.3333333333333335 25 95
8.333333333333334 2.6666666666666665 35 75
8.333333333333334 3.0 45 60
8.333333333333334 3.3333333333333335 50 125
8.333333333333334 3.6666666666666665 50 140
8.333333333333334 4.0 20 20
8.333333333333334 4.333333333333333 40 155
8.333333333333334 4.666666666666667 35 75
8.333333333333334 5.0 35 115
8.333333333333334 5.333333333333333 30 60
8.333333333333334 5.666666666666667 35 30
8.333333333333334 6.0 30 125
8.333333333333334 6.333333333333333 50 65
8.333333333333334 6.666666666666667 150 75
8.333333333333334 7.0 65 65
8.333333333333334 7.333333333333333 45 40
8.333333333333334 7.666666666666667 55 155
8.333333333333334 8.0 135 105
8.333333333333334 8.333333333333334 80 75
8.333333333333334 8.666666666666666 45 60
8.333333333333334 9.0 115 85
8.333333333333334 9.333333333333334 45 65
8.333333333333334 9.666666666666666 35 70
8.333333333333334 10.0 30 40
8.666666666666666 0.3333333333333333 20 150
8.666666666666666 0.6666666666666666 20 155
8.666666666666666 1.0 20 150
8.666666666666666 1.3333333333333333 25 150
8.666666666666666 1.6666666666666667 50 155
8.666666666666666 2.0 50 105
8.666666666666666 2.3333333333333335 20 100
8.666666666666666 2.6666666666666665 25 100
8.666666666666666 3.0 40 105
8.666666666666666 3.3333333333333335 30 80
8.666666666666666 3.6666666666666665 55 100
8.666666666666666 4.0 55 85
8.666666666666666 4.333333333333333 25 80
8.666666666666666 4.666666666666667 20 20
8.666666666666666 5.0 75 80
8.666666666666666 5.333333333333333 20 30
8.666666666666666 5.666666666666667 20 55
8.666666666666666 6.0 55 85
8.666666666666666 6.333333333333333 55 145
8.666666666666666 6.666666666666667 140 145
8.666666666666666 7.0 55 145
8.666666666666666 7.333333333333333 115 40
8.666666666666666 7.666666666666667 90 115
8.666666666666666 8.0 110 140
8.666666666666666 8.333333333333334 35 25
8.666666666666666 8.666666666666666 65 55
8.666666666666666 9.0 55 90
8.666666666666666 9.333333333333334 80 75
8.666666666666666 9.666666666666666 30 125
8.666666666666666 10.0 25 45
9.0 0.3333333333333333 20 155
9.0 0.6666666666666666 20 155
9.0 1.0 20 145
9.0 1.3333333333333333 25 115
9.0 1.6666666666666667 30 145
9.0 2.0 40 100
9.0 2.3333333333333335 20 100
9.0 2.6666666666666665 40 140
9.0 3.0 45 110
9.0 3.3333333333333335 45 120
9.0 3.6666666666666665 95 140
9.0 4.0 110 125
9.0 4.333333333333333 30 35
9.0 4.666666666666667 30 135
9.0 5.0 25 80
9.0 5.333333333333333 20 50
9.0 5.666666666666667 45 50
9.0 6.0 115 130
9.0 6.333333333333333 70 20
9.0 6.666666666666667 35 70
9.0 7.0 45 35
9.0 7.333333333333333 55 60
9.0 7.666666666666667 30 65
9.0 8.0 110 130
9.0 8.333333333333334 135 55
9.0 8.666666666666666 80 20
9.0 9.0 150 140
9.0 9.333333333333334 55 100
9.0 9.666666666666666 30 125
9.0 10.0 110 35
9.333333333333334 0.3333333333333333 20 150
9.333333333333334 0.6666666666666666 20 150
9.333333333333334 1.0 20 150
9.333333333333334 1.3333333333333333 20 150
9.333333333333334 1.6666666666666667 45 135
9.333333333333334 2.0 40 135
9.333333333333334 2.3333333333333335 45 135
9.333333333333334 2.6666666666666665 25 130
9.333333333333334 3.0 45 95
9.333333333333334 3.3333333333333335 30 105
9.333333333333334 3.6666666666666665 30 150
9.333333333333334 4.0 55 80
9.333333333333334 4.333333333333333 30 80
9.333333333333334 4.666666666666667 20 30
9.333333333333334 5.0 25 30
9.333333333333334 5.333333333333333 30 30
9.333333333333334 5.666666666666667 60 95
9.333333333333334 6.0 40 50
9.333333333333334 6.333333333333333 105 40
9.333333333333334 6.666666666666667 25 95
9.333333333333334 7.0 30 75
9.333333333333334 7.333333333333333 25 70
9.333333333333334 7.666666666666667 80 100
9.333333333333334 8.0 50 20
9.333333333333334 8.333333333333334 85 40
9.333333333333334 8.666666666666666 30 75
9.333333333333334 9.0 35 75
9.333333333333334 9.333333333333334 160 45
9.333333333333334 9.666666666666666 25 160
9.333333333333334 10.0 80 95
9.666666666666666 0.3333333333333333 20 160
9.666666666666666 0.6666666666666666 20 155
9.666666666666666 1.0 20 150
9.666666666666666 1.3333333333333333 20 110
9.666666666666666 1.6666666666666667 25 80
9.666666666666666 2.0 35 75
9.666666666666666 2.3333333333333335 40 75
9.666666666666666 2.6666666666666665 90 155
9.666666666666666 3.0 30 65
9.666666666666666 3.3333333333333335 25 65
9.666666666666666 3.6666666666666665 20 70
9.666666666666666 4.0 60 50
9.666666666666666 4.333333333333333 35 35
9.666666666666666 4.666666666666667 40 145
9.666666666666666 5.0 20 70
9.666666666666666 5.333333333333333 150 55
9.666666666666666 5.666666666666667 40 70
9.666666666666666 6.0 50 40
9.666666666666666 6.333333333333333 40 145
9.666666666666666 6.666666666666667 140 60
9.666666666666666 7.0 115 140
9.666666666666666 7.333333333333333 75 45
9.666666666666666 7.666666666666667 25 30
9.666666666666666 8.0 40 20
9.666666666666666 8.333333333333334 40 50
9.666666666666666 8.666666666666666 35 70
9.666666666666666 9.0 20 50
9.666666666666666 9.333333333333334 80 145
9.666666666666666 9.666666666666666 85 55
9.666666666666666 10.0 25 35
10.0 0.3333333333333333 20 160
10.0 0.6666666666666666 20 160
10.0 1.0 20 155
10.0 1.3333333333333333 25 150
10.0 1.6666666666666667 20 125
10.0 2.0 20 75
10.0 2.3333333333333335 20 100
10.0 2.6666666666666665 20 80
10.0 3.0 20 70
10.0 3.3333333333333335 75 125
10.0 3.6666666666666665 25 25
10.0 4.0 20 65
10.0 4.333333333333333 40 25
10.0 4.666666666666667 50 40
10.0 5.0 45 80
10.0 5.333333333333333 60 50
10.0 5.666666666666667 40 90
10.0 6.0 40 120
10.0 6.333333333333333 45 105
10.0 6.666666666666667 20 70
10.0 7.0 50 85
10.0 7.333333333333333 65 25
10.0 7.666666666666667 65 35
10.0 8.0 45 50
10.0 8.333333333333334 30 70
10.0 8.666666666666666 40 35
10.0 9.0 150 130
10.0 9.333333333333334 25 30
10.0 9.666666666666666 60 75
10.0 10.0 125 110
