0.3333333333333333 0.3333333333333333 30 25
0.3333333333333333 0.6666666666666666 60 40
0.3333333333333333 1.0 55 20
0.3333333333333333 1.3333333333333333 90 20
0.3333333333333333 1.6666666666666667 90 30
0.3333333333333333 2.0 80 20
0.3333333333333333 2.3333333333333335 85 20
0.3333333333333333 2.6666666666666665 155 30
0.3333333333333333 3.0 120 25
0.3333333333333333 3.3333333333333335 155 30
0.3333333333333333 3.6666666666666665 135 20
0.3333333333333333 4.0 145 20
0.3333333333333333 4.333333333333333 160 20
0.3333333333333333 4.666666666666667 135 20
0.3333333333333333 5.0 160 20
0.3333333333333333 5.333333333333333 135 20
0.3333333333333333 5.666666666666667 160 20
0.3333333333333333 6.0 160 20
0.3333333333333333 6.333333333333333 130 20
0.3333333333333333 6.666666666666667 130 20
0.3333333333333333 7.0 160 20
0.3333333333333333 7.333333333333333 160 20
0.3333333333333333 7.666666666666667 160 20
0.3333333333333333 8.0 160 20
0.3333333333333333 8.333333333333334 155 20
0.3333333333333333 8.666666666666666 160 20
0.3333333333333333 9.0 160 20
0.3333333333333333 9.333333333333334 160 20
0.3333333333333333 9.666666666666666 135 20
0.3333333333333333 10.0 150 20
0.6666666666666666 0.3333333333333333 25 50
0.6666666666666666 0.6666666666666666 30 30
0.6666666666666666 1.0 45 30
0.6666666666666666 1.3333333333333333 35 20
0.6666666666666666 1.6666666666666667 100 45
0.6666666666666666 2.0 70 25
0.6666666666666666 2.3333333333333335 130 45
0.6666666666666666 2.6666666666666665 110 40
0.6666666666666666 3.0 90 25
0.6666666666666666 3.3333333333333335 155 45
0.6666666666666666 3.6666666666666665 150 40
0.6666666666666666 4.0 140 35
0.6666666666666666 4.333333333333333 120 25
0.6666666666666666 4.666666666666667 160 35
0.6666666666666666 5.0 140 25
0.6666666666666666 5.333333333333333 125 25
0.6666666666666666 5.666666666666667 160 25
0.6666666666666666 6.0 155 25
0.6666666666666666 6.333333333333333 130 20
0.6666666666666666 6.666666666666667 155 30
0.6666666666666666 7.0 155 25
0.6666666666666666 7.333333333333333 150 20
0.6666666666666666 7.666666666666667 125 20
0.6666666666666666 8.0 150 20
0.6666666666666666 8.333333333333334 140 20
0.6666666666666666 8.666666666666666 125 20
0.6666666666666666 9.0 145 20
0.6666666666666666 9.333333333333334 160 20
0.6666666666666666 9.666666666666666 150 20
0.6666666666666666 10.0 160 20
1.0 0.3333333333333333 20 90
1.0 0.6666666666666666 35 50
1.0 1.0 40 35
1.0 1.3333333333333333 60 50
1.0 1.6666666666666667 70 50
1.0 2.0 75 40
1.0 2.3333333333333335 100 50
1.0 2.6666666666666665 130 55
1.0 3.0 95 35
1.0 3.3333333333333335 105 40
1.0 3.6666666666666665 110 35
1.0 4.0 70 25
1.0 4.333333333333333 115 35
1.0 4.666666666666667 115 35
1.0 5.0 155 50
1.0 5.333333333333333 115 30
1.0 5.666666666666667 140 35
1.0 6.0 115 35
1.0 6.333333333333333 85 20
1.0 6.666666666666667 105 20
1.0 7.0 140 35
1.0 7.333333333333333 105 25
1.0 7.666666666666667 135 25
1.0 8.0 100 20
1.0 8.333333333333334 100 20
1.0 8.666666666666666 105 20
1.0 9.0 115 20
1.0 9.333333333333334 115 25
1.0 9.666666666666666 100 20
1.0 10.0 110 20
1.3333333333333333 0.3333333333333333 35 85
1.3333333333333333 0.6666666666666666 30 55
1.3333333333333333 1.0 25 30
1.3333333333333333 1.3333333333333333 50 50
1.3333333333333333 1.6666666666666667 80 65
1.3333333333333333 2.0 70 50
1.3333333333333333 2.3333333333333335 100 65
1.3333333333333333 2.6666666666666665 50 25
1.3333333333333333 3.0 125 65
1.3333333333333333 3.3333333333333335 85 40
1.3333333333333333 3.6666666666666665 80 35
1.3333333333333333 4.0 55 25
1.3333333333333333 4.333333333333333 90 40
1.3333333333333333 4.666666666666667 55 20
1.3333333333333333 5.0 60 20
1.3333333333333333 5.333333333333333 55 20
1.3333333333333333 5.666666666666667 60 20
1.3333333333333333 6.0 55 20
1.3333333333333333 6.333333333333333 85 30
1.3333333333333333 6.666666666666667 70 25
1.3333333333333333 7.0 65 20
1.3333333333333333 7.333333333333333 70 25
1.3333333333333333 7.666666666666667 70 20
1.3333333333333333 8.0 55 20
1.3333333333333333 8.333333333333334 80 30
1.3333333333333333 8.666666666666666 70 25
1.3333333333333333 9.0 60 20
1.3333333333333333 9.333333333333334 65 20
1.3333333333333333 9.666666666666666 60 20
1.3333333333333333 10.0 65 20
1.6666666666666667 0.3333333333333333 25 95
1.6666666666666667 0.6666666666666666 40 80
1.6666666666666667 1.0 105 155
1.6666666666666667 1.3333333333333333 50 65
1.6666666666666667 1.6666666666666667 60 60
1.6666666666666667 2.0 70 60
1.6666666666666667 2.3333333333333335 100 85
1.6666666666666667 2.6666666666666665 70 55
1.6666666666666667 3.0 55 40
1.6666666666666667 3.3333333333333335 65 40
1.6666666666666667 3.6666666666666665 55 35
1.6666666666666667 4.0 55 30
1.6666666666666667 4.333333333333333 55 35
1.6666666666666667 4.666666666666667 50 25
1.6666666666666667 5.0 50 30
1.6666666666666667 5.333333333333333 40 20
1.6666666666666667 5.666666666666667 50 30
1.6666666666666667 6.0 55 30
1.6666666666666667 6.333333333333333 40 20
1.6666666666666667 6.666666666666667 45 20
1.6666666666666667 7.0 45 30
1.6666666666666667 7.333333333333333 40 20
1.6666666666666667 7.666666666666667 55 30
1.6666666666666667 8.0 40 20
1.6666666666666667 8.333333333333334 40 20
1.6666666666666667 8.666666666666666 50 30
1.6666666666666667 9.0 55 25
1.6666666666666667 9.333333333333334 40 20
1.6666666666666667 9.666666666666666 40 25
1.6666666666666667 10.0 45 20
2.0 0.3333333333333333 30 145
2.0 0.6666666666666666 30 75
2.0 1.0 40 70
2.0 1.3333333333333333 50 70
2.0 1.6666666666666667 50 60
2.0 2.0 60 60
2.0 2.3333333333333335 45 45
2.0 2.6666666666666665 40 30
2.0 3.0 45 35
2.0 3.3333333333333335 40 30
2.0 3.6666666666666665 50 40
2.0 4.0 30 20
2.0 4.333333333333333 45 30
2.0 4.666666666666667 40 30
2.0 5.0 30 20
2.0 5.333333333333333 30 20
2.0 5.666666666666667 40 25
2.0 6.0 30 20
2.0 6.333333333333333 30 20
2.0 6.666666666666667 40 25
2.0 7.0 35 20
2.0 7.333333333333333 35 25
2.0 7.666666666666667 35 25
2.0 8.0 30 20
2.0 8.333333333333334 35 25
2.0 8.666666666666666 30 20
2.0 9.0 40 25
2.0 9.333333333333334 30 20
2.0 9.666666666666666 30 20
2.0 10.0 40 25
2.3333333333333335 0.3333333333333333 40 145
2.3333333333333335 0.6666666666666666 35 95
2.3333333333333335 1.0 65 120
2.3333333333333335 1.3333333333333333 50 80
2.3333333333333335 1.6666666666666667 25 35
2.3333333333333335 2.0 55 55
2.3333333333333335 2.3333333333333335 40 40
2.3333333333333335 2.6666666666666665 45 40
2.3333333333333335 3.0 25 20
2.3333333333333335 3.3333333333333335 25 20
2.3333333333333335 3.6666666666666665 25 20
2.3333333333333335 4.0 25 20
2.3333333333333335 4.333333333333333 25 20
2.3333333333333335 4.666666666666667 30 20
2.3333333333333335 5.0 30 20
2.3333333333333335 5.333333333333333 35 25
2.3333333333333335 5.666666666666667 30 25
2.3333333333333335 6.0 25 20
2.3333333333333335 6.333333333333333 40 30
2.3333333333333335 6.666666666666667 30 20
2.3333333333333335 7.0 30 20
2.3333333333333335 7.333333333333333 30 20
2.3333333333333335 7.666666666666667 25 20
2.3333333333333335 8.0 25 20
2.3333333333333335 8.333333333333334 25 20
2.3333333333333335 8.666666666666666 25 20
2.3333333333333335 9.0 30 25
2.3333333333333335 9.333333333333334 30 20
2.3333333333333335 9.666666666666666 30 25
2.3333333333333335 10.0 25 20
2.6666666666666665 0.3333333333333333 20 115
2.6666666666666665 0.6666666666666666 45 140
2.6666666666666665 1.0 25 55
2.6666666666666665 1.3333333333333333 35 65
2.6666666666666665 1.6666666666666667 25 35
2.6666666666666665 2.0 50 65
2.6666666666666665 2.3333333333333335 30 35
2.6666666666666665 2.6666666666666665 20 20
2.6666666666666665 3.0 25 25
2.6666666666666665 3.3333333333333335 25 25
2.6666666666666665 3.6666666666666665 25 20
2.6666666666666665 4.0 30 25
2.6666666666666665 4.333333333333333 25 20
2.6666666666666665 4.666666666666667 35 30
2.6666666666666665 5.0 25 20
2.6666666666666665 5.333333333333333 30 25
2.6666666666666665 5.666666666666667 25 20
2.6666666666666665 6.0 25 20
2.6666666666666665 6.333333333333333 25 20
2.6666666666666665 6.666666666666667 25 20
2.6666666666666665 7.0 25 20
2.6666666666666665 7.333333333333333 35 25
2.6666666666666665 7.666666666666667 30 25
2.6666666666666665 8.0 30 20
2.6666666666666665 8.333333333333334 25 20
2.6666666666666665 8.666666666666666 30 20
2.6666666666666665 9.0 30 25
2.6666666666666665 9.333333333333334 25 20
2.6666666666666665 9.666666666666666 35 30
2.6666666666666665 10.0 25 20
3.0 0.3333333333333333 20 105
3.0 0.6666666666666666 35 115
3.0 1.0 35 85
3.0 1.3333333333333333 50 85
3.0 1.6666666666666667 30 50
3.0 2.0 30 40
3.0 2.3333333333333335 25 30
3.0 2.6666666666666665 20 20
3.0 3.0 20 20
3.0 3.3333333333333335 20 20
3.0 3.6666666666666665 25 25
3.0 4.0 20 20
3.0 4.333333333333333 20 20
3.0 4.666666666666667 25 20
3.0 5.0 25 20
3.0 5.333333333333333 25 20
3.0 5.666666666666667 20 20
3.0 6.0 25 20
3.0 6.333333333333333 25 20
3.0 6.666666666666667 25 20
3.0 7.0 25 20
3.0 7.333333333333333 25 20
3.0 7.666666666666667 20 20
3.0 8.0 30 25
3.0 8.333333333333334 25 20
3.0 8.666666666666666 30 25
3.0 9.0 30 25
3.0 9.333333333333334 25 20
3.0 9.666666666666666 25 20
3.0 10.0 30 25
3.3333333333333335 0.3333333333333333 20 105
3.3333333333333335 0.6666666666666666 50 145
3.3333333333333335 1.0 55 125
3.3333333333333335 1.3333333333333333 25 50
3.3333333333333335 1.6666666666666667 25 45
3.3333333333333335 2.0 20 30
3.3333333333333335 2.3333333333333335 20 25
3.3333333333333335 2.6666666666666665 25 25
3.3333333333333335 3.0 20 20
3.3333333333333335 3.3333333333333335 20 20
3.3333333333333335 3.6666666666666665 25 25
3.3333333333333335 4.0 20 20
3.3333333333333335 4.333333333333333 20 20
3.3333333333333335 4.666666666666667 20 20
3.3333333333333335 5.0 20 20
3.3333333333333335 5.333333333333333 25 20
3.3333333333333335 5.666666666666667 25 25
3.3333333333333335 6.0 20 20
3.3333333333333335 6.333333333333333 25 20
3.3333333333333335 6.666666666666667 20 20
3.3333333333333335 7.0 20 20
3.3333333333333335 7.333333333333333 30 25
3.3333333333333335 7.666666666666667 25 20
3.3333333333333335 8.0 20 20
3.3333333333333335 8.333333333333334 25 20
3.3333333333333335 8.666666666666666 25 20
3.3333333333333335 9.0 25 20
3.3333333333333335 9.333333333333334 20 20
3.3333333333333335 9.666666666666666 25 20
3.3333333333333335 10.0 25 20
3.6666666666666665 0.3333333333333333 20 160
3.6666666666666665 0.6666666666666666 35 145
3.6666666666666665 1.0 55 125
3.6666666666666665 1.3333333333333333 30 70
3.6666666666666665 1.6666666666666667 30 50
3.6666666666666665 2.0 25 35
3.6666666666666665 2.3333333333333335 20 25
3.6666666666666665 2.6666666666666665 20 20
3.6666666666666665 3.0 25 25
3.6666666666666665 3.3333333333333335 20 20
3.6666666666666665 3.6666666666666665 20 20
3.6666666666666665 4.0 20 20
3.6666666666666665 4.333333333333333 20 20
3.6666666666666665 4.666666666666667 20 20
3.6666666666666665 5.0 20 20
3.6666666666666665 5.333333333333333 20 20
3.6666666666666665 5.666666666666667 20 20
3.6666666666666665 6.0 25 25
3.6666666666666665 6.333333333333333 30 25
3.6666666666666665 6.666666666666667 20 20
3.6666666666666665 7.0 20 20
3.6666666666666665 7.333333333333333 25 20
3.6666666666666665 7.666666666666667 25 20
3.6666666666666665 8.0 25 20
3.6666666666666665 8.333333333333334 20 20
3.6666666666666665 8.666666666666666 20 20
3.6666666666666665 9.0 20 20
3.6666666666666665 9.333333333333334 20 20
3.6666666666666665 9.666666666666666 25 20
3.6666666666666665 10.0 20 20
4.0 0.3333333333333333 25 160
4.0 0.6666666666666666 35 140
4.0 1.0 55 140
4.0 1.3333333333333333 25 60
4.0 1.6666666666666667 30 50
4.0 2.0 20 30
4.0 2.3333333333333335 20 25
4.0 2.6666666666666665 20 25
4.0 3.0 25 30
4.0 3.3333333333333335 20 20
4.0 3.6666666666666665 20 20
4.0 4.0 20 20
4.0 4.333333333333333 20 20
4.0 4.666666666666667 20 20
4.0 5.0 25 25
4.0 5.333333333333333 20 20
4.0 5.666666666666667 20 20
4.0 6.0 20 20
4.0 6.333333333333333 20 20
4.0 6.666666666666667 20 20
4.0 7.0 20 20
4.0 7.333333333333333 25 25
4.0 7.666666666666667 20 20
4.0 8.0 25 25
4.0 8.333333333333334 20 20
4.0 8.666666666666666 20 20
4.0 9.0 20 20
4.0 9.333333333333334 20 20
4.0 9.666666666666666 30 25
4.0 10.0 20 20
4.333333333333333 0.3333333333333333 20 155
4.333333333333333 0.6666666666666666 35 160
4.333333333333333 1.0 25 95
4.333333333333333 1.3333333333333333 35 90
4.333333333333333 1.6666666666666667 25 45
4.333333333333333 2.0 35 45
4.333333333333333 2.3333333333333335 25 30
4.333333333333333 2.6666666666666665 20 20
4.333333333333333 3.0 20 20
4.333333333333333 3.3333333333333335 20 20
4.333333333333333 3.6666666666666665 25 25
4.333333333333333 4.0 20 20
4.333333333333333 4.333333333333333 20 20
4.333333333333333 4.666666666666667 20 20
4.333333333333333 5.0 20 20
4.333333333333333 5.333333333333333 20 20
4.333333333333333 5.666666666666667 20 20
4.333333333333333 6.0 20 20
4.333333333333333 6.333333333333333 20 20
4.333333333333333 6.666666666666667 20 20
4.333333333333333 7.0 25 20
4.333333333333333 7.333333333333333 20 20
4.333333333333333 7.666666666666667 20 20
4.333333333333333 8.0 20 20
4.333333333333333 8.333333333333334 20 20
4.333333333333333 8.666666666666666 20 20
4.333333333333333 9.0 20 20
4.333333333333333 9.333333333333334 25 20
4.333333333333333 9.666666666666666 25 20
4.333333333333333 10.0 20 20
4.666666666666667 0.3333333333333333 20 155
4.666666666666667 0.6666666666666666 30 150
4.666666666666667 1.0 25 90
4.666666666666667 1.3333333333333333 30 70
4.666666666666667 1.6666666666666667 30 50
4.666666666666667 2.0 20 30
4.666666666666667 2.3333333333333335 20 25
4.666666666666667 2.6666666666666665 20 25
4.666666666666667 3.0 20 20
4.666666666666667 3.3333333333333335 20 20
4.666666666666667 3.6666666666666665 25 25
4.666666666666667 4.0 20 20
4.666666666666667 4.333333333333333 20 20
4.666666666666667 4.666666666666667 20 20
4.666666666666667 5.0 20 20
4.666666666666667 5.333333333333333 20 20
4.666666666666667 5.666666666666667 20 20
4.666666666666667 6.0 20 20
4.666666666666667 6.333333333333333 20 20
4.666666666666667 6.666666666666667 20 20
4.666666666666667 7.0 20 20
4.666666666666667 7.333333333333333 20 20
4.666666666666667 7.666666666666667 20 20
4.666666666666667 8.0 20 20
4.666666666666667 8.333333333333334 20 20
4.666666666666667 8.666666666666666 25 20
4.666666666666667 9.0 20 20
4.666666666666667 9.333333333333334 30 30
4.666666666666667 9.666666666666666 20 20
4.666666666666667 10.0 20 20
5.0 0.3333333333333333 20 160
5.0 0.6666666666666666 20 100
5.0 1.0 30 100
5.0 1.3333333333333333 30 70
5.0 1.6666666666666667 25 50
5.0 2.0 20 30
5.0 2.3333333333333335 20 25
5.0 2.6666666666666665 20 25
5.0 3.0 20 25
5.0 3.3333333333333335 20 25
5.0 3.6666666666666665 20 20
5.0 4.0 20 20
5.0 4.333333333333333 20 20
5.0 4.666666666666667 20 20
5.0 5.0 20 20
5.0 5.333333333333333 20 20
5.0 5.666666666666667 20 20
5.0 6.0 20 20
5.0 6.333333333333333 20 20
5.0 6.666666666666667 20 20
5.0 7.0 20 20
5.0 7.333333333333333 20 20
5.0 7.666666666666667 30 30
5.0 8.0 20 20
5.0 8.333333333333334 20 20
5.0 8.666666666666666 20 20
5.0 9.0 20 20
5.0 9.333333333333334 20 20
5.0 9.666666666666666 20 20
5.0 10.0 20 20
5.333333333333333 0.3333333333333333 20 160
5.333333333333333 0.6666666666666666 25 155
5.333333333333333 1.0 30 115
5.333333333333333 1.3333333333333333 20 55
5.333333333333333 1.6666666666666667 20 35
5.333333333333333 2.0 30 40
5.333333333333333 2.3333333333333335 25 35
5.333333333333333 2.6666666666666665 20 25
5.333333333333333 3.0 20 20
5.333333333333333 3.3333333333333335 20 20
5.333333333333333 3.6666666666666665 20 20
5.333333333333333 4.0 20 20
5.333333333333333 4.333333333333333 20 20
5.333333333333333 4.666666666666667 20 20
5.333333333333333 5.0 20 20
5.333333333333333 5.333333333333333 20 20
5.333333333333333 5.666666666666667 20 20
5.333333333333333 6.0 20 20
5.333333333333333 6.333333333333333 20 20
5.333333333333333 6.666666666666667 20 20
5.333333333333333 7.0 20 20
5.333333333333333 7.333333333333333 20 20
5.333333333333333 7.666666666666667 20 20
5.333333333333333 8.0 20 20
5.333333333333333 8.333333333333334 20 20
5.333333333333333 8.666666666666666 20 20
5.333333333333333 9.0 25 20
5.333333333333333 9.333333333333334 20 20
5.333333333333333 9.666666666666666 20 20
5.333333333333333 10.0 20 20
5.666666666666667 0.3333333333333333 20 135
5.666666666666667 0.6666666666666666 30 160
5.666666666666667 1.0 30 120
5.666666666666667 1.3333333333333333 20 55
5.666666666666667 1.6666666666666667 20 40
5.666666666666667 2.0 25 35
5.666666666666667 2.3333333333333335 20 30
5.666666666666667 2.6666666666666665 20 25
5.666666666666667 3.0 20 25
5.666666666666667 3.3333333333333335 20 25
5.666666666666667 3.6666666666666665 20 20
5.666666666666667 4.0 20 20
5.666666666666667 4.333333333333333 20 25
5.666666666666667 4.666666666666667 20 20
5.666666666666667 5.0 20 20
5.666666666666667 5.333333333333333 20 20
5.666666666666667 5.666666666666667 20 20
5.666666666666667 6.0 20 20
5.666666666666667 6.333333333333333 20 20
5.666666666666667 6.666666666666667 20 20
5.666666666666667 7.0 20 20
5.666666666666667 7.333333333333333 20 20
5.666666666666667 7.666666666666667 25 25
5.666666666666667 8.0 20 20
5.666666666666667 8.333333333333334 20 20
5.666666666666667 8.666666666666666 20 20
5.666666666666667 9.0 20 20
5.666666666666667 9.333333333333334 20 20
5.666666666666667 9.666666666666666 20 20
5.666666666666667 10.0 25 25
6.0 0.3333333333333333 20 160
6.0 0.6666666666666666 20 130
6.0 1.0 20 90
6.0 1.3333333333333333 20 60
6.0 1.6666666666666667 20 45
6.0 2.0 30 40
6.0 2.3333333333333335 20 30
6.0 2.6666666666666665 20 25
6.0 3.0 20 25
6.0 3.3333333333333335 20 25
6.0 3.6666666666666665 20 20
6.0 4.0 20 20
6.0 4.333333333333333 20 20
6.0 4.666666666666667 20 20
6.0 5.0 20 20
6.0 5.333333333333333 20 20
6.0 5.666666666666667 20 20
6.0 6.0 20 20
6.0 6.333333333333333 20 20
6.0 6.666666666666667 20 20
6.0 7.0 20 20
6.0 7.333333333333333 20 20
6.0 7.666666666666667 20 20
6.0 8.0 20 20
6.0 8.333333333333334 20 20
6.0 8.666666666666666 20 20
6.0 9.0 20 20
6.0 9.333333333333334 20 20
6.0 9.666666666666666 20 20
6.0 10.0 20 20
6.333333333333333 0.3333333333333333 20 140
6.333333333333333 0.6666666666666666 20 120
6.333333333333333 1.0 30 140
6.333333333333333 1.3333333333333333 20 70
6.333333333333333 1.6666666666666667 20 35
6.333333333333333 2.0 25 40
6.333333333333333 2.3333333333333335 30 40
6.333333333333333 2.6666666666666665 20 25
6.333333333333333 3.0 20 25
6.333333333333333 3.3333333333333335 20 20
6.333333333333333 3.6666666666666665 20 20
6.333333333333333 4.0 25 25
6.333333333333333 4.333333333333333 20 20
6.333333333333333 4.666666666666667 20 20
6.333333333333333 5.0 20 20
6.333333333333333 5.333333333333333 20 20
6.333333333333333 5.666666666666667 20 20
6.333333333333333 6.0 20 20
6.333333333333333 6.333333333333333 20 20
6.333333333333333 6.666666666666667 20 20
6.333333333333333 7.0 20 20
6.333333333333333 7.333333333333333 20 20
6.333333333333333 7.666666666666667 20 20
6.333333333333333 8.0 20 20
6.333333333333333 8.333333333333334 20 20
6.333333333333333 8.666666666666666 20 20
6.333333333333333 9.0 25 25
6.333333333333333 9.333333333333334 25 25
6.333333333333333 9.666666666666666 20 20
6.333333333333333 10.0 20 20
6.666666666666667 0.3333333333333333 20 135
6.666666666666667 0.6666666666666666 20 145
6.666666666666667 1.0 30 135
6.666666666666667 1.3333333333333333 30 70
6.666666666666667 1.6666666666666667 20 40
6.666666666666667 2.0 25 40
6.666666666666667 2.3333333333333335 20 30
6.666666666666667 2.6666666666666665 20 25
6.666666666666667 3.0 20 25
6.666666666666667 3.3333333333333335 25 25
6.666666666666667 3.6666666666666665 20 20
6.666666666666667 4.0 20 20
6.666666666666667 4.333333333333333 20 20
6.666666666666667 4.666666666666667 30 30
6.666666666666667 5.0 20 20
6.666666666666667 5.333333333333333 25 25
6.666666666666667 5.666666666666667 20 20
6.666666666666667 6.0 20 20
6.666666666666667 6.333333333333333 20 20
6.666666666666667 6.666666666666667 20 20
6.666666666666667 7.0 20 20
6.666666666666667 7.333333333333333 20 20
6.666666666666667 7.666666666666667 20 20
6.666666666666667 8.0 20 20
6.666666666666667 8.333333333333334 20 20
6.666666666666667 8.666666666666666 20 20
6.666666666666667 9.0 20 20
6.666666666666667 9.333333333333334 20 20
6.666666666666667 9.666666666666666 20 20
6.666666666666667 10.0 20 20
7.0 0.3333333333333333 20 160
7.0 0.6666666666666666 30 160
7.0 1.0 30 145
7.0 1.3333333333333333 20 60
7.0 1.6666666666666667 25 45
7.0 2.0 20 35
7.0 2.3333333333333335 25 35
7.0 2.6666666666666665 20 25
7.0 3.0 20 25
7.0 3.3333333333333335 20 25
7.0 3.6666666666666665 20 20
7.0 4.0 20 20
7.0 4.333333333333333 20 20
7.0 4.666666666666667 20 20
7.0 5.0 20 20
7.0 5.333333333333333 20 20
7.0 5.666666666666667 20 20
7.0 6.0 20 20
7.0 6.333333333333333 20 20
7.0 6.666666666666667 25 25
7.0 7.0 20 20
7.0 7.333333333333333 20 20
7.0 7.666666666666667 20 20
7.0 8.0 20 20
7.0 8.333333333333334 20 20
7.0 8.666666666666666 20 20
7.0 9.0 20 20
7.0 9.333333333333334 20 20
7.0 9.666666666666666 20 20
7.0 10.0 20 20
7.333333333333333 0.3333333333333333 20 160
7.333333333333333 0.6666666666666666 20 115
7.333333333333333 1.0 25 120
7.333333333333333 1.3333333333333333 20 55
7.333333333333333 1.6666666666666667 25 45
7.333333333333333 2.0 20 35
7.333333333333333 2.3333333333333335 20 30
7.333333333333333 2.6666666666666665 20 25
7.333333333333333 3.0 20 25
7.333333333333333 3.3333333333333335 20 25
7.333333333333333 3.6666666666666665 20 25
7.333333333333333 4.0 20 20
7.333333333333333 4.333333333333333 20 20
7.333333333333333 4.666666666666667 25 25
7.333333333333333 5.0 25 25
7.333333333333333 5.333333333333333 20 20
7.333333333333333 5.666666666666667 20 20
7.333333333333333 6.0 20 20
7.333333333333333 6.333333333333333 20 20
7.333333333333333 6.666666666666667 25 20
7.333333333333333 7.0 20 20
7.333333333333333 7.333333333333333 25 25
7.333333333333333 7.666666666666667 20 20
7.333333333333333 8.0 20 20
7.333333333333333 8.333333333333334 20 20
7.333333333333333 8.666666666666666 20 20
7.333333333333333 9.0 20 20
7.333333333333333 9.333333333333334 20 20
7.333333333333333 9.666666666666666 20 20
7.333333333333333 10.0 25 20
7.666666666666667 0.3333333333333333 20 140
7.666666666666667 0.6666666666666666 20 135
7.666666666666667 1.0 20 90
7.666666666666667 1.3333333333333333 20 65
7.666666666666667 1.6666666666666667 20 45
7.666666666666667 2.0 20 30
7.666666666666667 2.3333333333333335 25 35
7.666666666666667 2.6666666666666665 20 25
7.666666666666667 3.0 20 25
7.666666666666667 3.3333333333333335 20 25
7.666666666666667 3.6666666666666665 20 25
7.666666666666667 4.0 25 30
7.666666666666667 4.333333333333333 20 25
7.666666666666667 4.666666666666667 20 20
7.666666666666667 5.0 20 20
7.666666666666667 5.333333333333333 20 20
7.666666666666667 5.666666666666667 20 20
7.666666666666667 6.0 25 25
7.666666666666667 6.333333333333333 20 20
7.666666666666667 6.666666666666667 20 20
7.666666666666667 7.0 20 20
7.666666666666667 7.333333333333333 20 20
7.666666666666667 7.666666666666667 20 20
7.666666666666667 8.0 20 20
7.666666666666667 8.333333333333334 20 20
7.666666666666667 8.666666666666666 20 20
7.666666666666667 9.0 20 20
7.666666666666667 9.333333333333334 20 20
7.666666666666667 9.666666666666666 20 20
7.666666666666667 10.0 20 20
8.0 0.3333333333333333 20 130
8.0 0.6666666666666666 20 155
8.0 1.0 30 135
8.0 1.3333333333333333 20 60
8.0 1.6666666666666667 25 40
8.0 2.0 25 35
8.0 2.3333333333333335 30 40
8.0 2.6666666666666665 20 25
8.0 3.0 20 25
8.0 3.3333333333333335 20 25
8.0 3.6666666666666665 20 25
8.0 4.0 20 20
8.0 4.333333333333333 20 20
8.0 4.666666666666667 20 20
8.0 5.0 20 20
8.0 5.333333333333333 20 20
8.0 5.666666666666667 20 20
8.0 6.0 20 25
8.0 6.333333333333333 20 20
8.0 6.666666666666667 20 20
8.0 7.0 20 20
8.0 7.333333333333333 20 20
8.0 7.666666666666667 20 20
8.0 8.0 20 20
8.0 8.333333333333334 20 20
8.0 8.666666666666666 25 20
8.0 9.0 20 25
8.0 9.333333333333334 20 20
8.0 9.666666666666666 20 20
8.0 10.0 20 20
8.333333333333334 0.3333333333333333 20 155
8.333333333333334 0.6666666666666666 20 150
8.333333333333334 1.0 20 90
8.333333333333334 1.3333333333333333 25 60
8.333333333333334 1.6666666666666667 25 40
8.333333333333334 2.0 20 35
8.333333333333334 2.3333333333333335 20 30
8.333333333333334 2.6666666666666665 25 35
8.333333333333334 3.0 20 25
8.333333333333334 3.3333333333333335 25 30
8.333333333333334 3.6666666666666665 20 20
8.333333333333334 4.0 20 25
8.333333333333334 4.333333333333333 20 20
8.333333333333334 4.666666666666667 25 25
8.333333333333334 5.0 25 25
8.333333333333334 5.333333333333333 20 20
8.333333333333334 5.666666666666667 20 20
8.333333333333334 6.0 20 20
8.333333333333334 6.333333333333333 20 20
8.333333333333334 6.666666666666667 20 20
8.333333333333334 7.0 20 20
8.333333333333334 7.333333333333333 20 20
8.333333333333334 7.666666666666667 20 20
8.333333333333334 8.0 25 25
8.333333333333334 8.333333333333334 20 20
8.333333333333334 8.666666666666666 20 20
8.333333333333334 9.0 25 25
8.333333333333334 9.333333333333334 20 20
8.333333333333334 9.666666666666666 25 25
8.333333333333334 10.0 20 20
8.666666666666666 0.3333333333333333 20 150
8.666666666666666 0.6666666666666666 20 155
8.666666666666666 1.0 25 110
8.666666666666666 1.3333333333333333 25 70
8.666666666666666 1.6666666666666667 20 40
8.666666666666666 2.0 25 40
8.666666666666666 2.3333333333333335 20 25
8.666666666666666 2.6666666666666665 20 25
8.666666666666666 3.0 20 25
8.666666666666666 3.3333333333333335 20 25
8.666666666666666 3.6666666666666665 20 25
8.666666666666666 4.0 25 30
8.666666666666666 4.333333333333333 20 25
8.666666666666666 4.666666666666667 20 20
8.666666666666666 5.0 20 20
8.666666666666666 5.333333333333333 20 20
8.666666666666666 5.666666666666667 20 20
8.666666666666666 6.0 20 20
8.666666666666666 6.333333333333333 20 20
8.666666666666666 6.666666666666667 20 20
8.666666666666666 7.0 20 20
8.666666666666666 7.333333333333333 20 20
8.666666666666666 7.666666666666667 20 20
8.666666666666666 8.0 20 20
8.666666666666666 8.333333333333334 20 20
8.666666666666666 8.666666666666666 25 25
8.666666666666666 9.0 20 20
8.666666666666666 9.333333333333334 20 20
8.666666666666666 9.666666666666666 20 20
8.666666666666666 10.0 20 20
9.0 0.3333333333333333 20 155
9.0 0.6666666666666666 20 160
9.0 1.0 25 125
9.0 1.3333333333333333 20 60
9.0 1.6666666666666667 20 40
9.0 2.0 30 45
9.0 2.3333333333333335 20 30
9.0 2.6666666666666665 20 30
9.0 3.0 25 30
9.0 3.3333333333333335 20 25
9.0 3.6666666666666665 20 20
9.0 4.0 20 25
9.0 4.333333333333333 20 20
9.0 4.666666666666667 20 20
9.0 5.0 20 20
9.0 5.333333333333333 20 20
9.0 5.666666666666667 20 20
9.0 6.0 20 20
9.0 6.333333333333333 20 20
9.0 6.666666666666667 20 20
9.0 7.0 25 25
9.0 7.333333333333333 20 20
9.0 7.666666666666667 25 25
9.0 8.0 20 20
9.0 8.333333333333334 20 20
9.0 8.666666666666666 20 20
9.0 9.0 20 20
9.0 9.333333333333334 25 25
9.0 9.666666666666666 20 20
9.0 10.0 20 20
9.333333333333334 0.3333333333333333 20 160
9.333333333333334 0.6666666666666666 20 150
9.333333333333334 1.0 20 110
9.333333333333334 1.3333333333333333 25 75
9.333333333333334 1.6666666666666667 25 45
9.333333333333334 2.0 25 40
9.333333333333334 2.3333333333333335 25 35
9.333333333333334 2.6666666666666665 20 25
9.333333333333334 3.0 20 25
9.333333333333334 3.3333333333333335 20 25
9.333333333333334 3.6666666666666665 20 20
9.333333333333334 4.0 25 25
9.333333333333334 4.333333333333333 20 25
9.333333333333334 4.666666666666667 20 25
9.333333333333334 5.0 20 20
9.333333333333334 5.333333333333333 20 20
9.333333333333334 5.666666666666667 20 20
9.333333333333334 6.0 20 20
9.333333333333334 6.333333333333333 20 20
9.333333333333334 6.666666666666667 20 25
9.333333333333334 7.0 20 20
9.333333333333334 7.333333333333333 25 25
9.333333333333334 7.666666666666667 20 20
9.333333333333334 8.0 20 20
9.333333333333334 8.333333333333334 20 20
9.333333333333334 8.666666666666666 20 20
9.333333333333334 9.0 25 25
9.333333333333334 9.333333333333334 20 20
9.333333333333334 9.666666666666666 20 20
9.333333333333334 10.0 20 20
9.666666666666666 0.3333333333333333 20 160
9.666666666666666 0.6666666666666666 20 160
9.666666666666666 1.0 20 100
9.666666666666666 1.3333333333333333 20 65
9.666666666666666 1.6666666666666667 20 40
9.666666666666666 2.0 25 45
9.666666666666666 2.3333333333333335 20 30
9.666666666666666 2.6666666666666665 20 25
9.666666666666666 3.0 20 25
9.666666666666666 3.3333333333333335 20 25
9.666666666666666 3.6666666666666665 25 25
9.666666666666666 4.0 20 20
9.666666666666666 4.333333333333333 20 20
9.666666666666666 4.666666666666667 20 25
9.666666666666666 5.0 20 20
9.666666666666666 5.333333333333333 20 20
9.666666666666666 5.666666666666667 20 20
9.666666666666666 6.0 25 25
9.666666666666666 6.333333333333333 20 20
9.666666666666666 6.666666666666667 20 20
9.666666666666666 7.0 20 20
9.666666666666666 7.333333333333333 20 20
9.666666666666666 7.666666666666667 25 25
9.666666666666666 8.0 20 20
9.666666666666666 8.333333333333334 20 20
9.666666666666666 8.666666666666666 20 20
9.666666666666666 9.0 20 20
9.666666666666666 9.333333333333334 20 20
9.666666666666666 9.666666666666666 20 20
9.666666666666666 10.0 20 20
10.0 0.3333333333333333 20 160
10.0 0.6666666666666666 20 155
10.0 1.0 20 105
10.0 1.3333333333333333 20 60
10.0 1.6666666666666667 20 40
10.0 2.0 20 30
10.0 2.3333333333333335 20 25
10.0 2.6666666666666665 20 25
10.0 3.0 20 25
10.0 3.3333333333333335 20 25
10.0 3.6666666666666665 20 25
10.0 4.0 20 20
10.0 4.333333333333333 20 25
10.0 4.666666666666667 20 20
10.0 5.0 20 20
10.0 5.333333333333333 20 20
10.0 5.666666666666667 20 20
10.0 6.0 20 20
10.0 6.333333333333333 20 20
10.0 6.666666666666667 25 25
10.0 7.0 20 20
10.0 7.333333333333333 20 20
10.0 7.666666666666667 20 20
10.0 8.0 20 20
10.0 8.333333333333334 20 20
10.0 8.666666666666666 20 20
10.0 9.0 20 20
10.0 9.333333333333334 20 20
10.0 9.666666666666666 20 20
10.0 10.0 20 20
